Fission Density	Power Density	     Unit #	 thermal Cond [W/(cm K)	Temp [k]
0.00000015460	0.000000000000000005	1	0.05	300.0
0.00000019930	0.000000000000000006	2	0.04	300.0
0.00000020290	0.000000000000000006	3	0.09	300.0
0.00000000000	0.000000000000000000	4	0.035	300.0
0.00000000000	0.000000000000000000	5	0.067	300.0
0.00000000000	0.000000000000000000	6	0.05	300.0
0.00000000000	0.000000000000000000	11	0.1	300.0
0.00000000000	0.000000000000000000	12	0.8	300.0
0.00000000000	0.000000000000000000	13	0.95	300.0
0.00000011550	0.000000000000000004	22	0.02	300.0
0.00000008289	0.000000000000000003	23	0.078	300.0